{
 "cells": [
  {
   "cell_type": "code",
   "execution_count": 96,
   "id": "3bbfd2ee",
   "metadata": {},
   "outputs": [],
   "source": [
    "import gurobipy as gp\n",
    "from gurobipy import GRB\n",
    "from math import sqrt\n",
    "import pandas as pd\n",
    "import numpy as np\n",
    "import matplotlib\n",
    "#matplotlib.use('Agg')\n",
    "import matplotlib.pyplot as plt"
   ]
  },
  {
   "cell_type": "code",
   "execution_count": 97,
   "id": "d108b70e",
   "metadata": {},
   "outputs": [
    {
     "data": {
      "text/plain": [
       "(120, 30)"
      ]
     },
     "execution_count": 97,
     "metadata": {},
     "output_type": "execute_result"
    }
   ],
   "source": [
    "data = pd.read_csv('Closing_Price.csv')\n",
    "stocks = data.columns\n",
    "current_price = data.iloc[1,:60]\n",
    "stocks\n",
    "data.shape"
   ]
  },
  {
   "cell_type": "code",
   "execution_count": 98,
   "id": "7028dce0",
   "metadata": {},
   "outputs": [
    {
     "data": {
      "text/plain": [
       "Index(['INDUSINDBK.csv', 'Reliance.csv', 'Bajaj_Finserv.csv', 'Axis.csv',\n",
       "       'Kotakbank.csv', 'TITAN.csv', 'TECHM.csv', 'LT.csv', 'MarutiSuzuki.csv',\n",
       "       'TATASTEEL.csv', 'Bharti_Airtel.csv', 'HDFC_BANK.csv',\n",
       "       'Nestle_India.csv', 'TCS.csv', 'ITC.csv', 'HEROMOTOCO.csv', 'icici.csv',\n",
       "       'ONGC.csv', 'HCL.csv', 'POWERGRID.csv', 'BAJAJ-AUTO.csv', 'HU.csv',\n",
       "       'Infosys.csv', 'ULTRACEMCO.csv', 'SBI.csv', 'Sun_Pharma.csv',\n",
       "       'NTPC.csv', 'MnM.csv', 'AsianPaints.csv', 'HDFC.csv'],\n",
       "      dtype='object')"
      ]
     },
     "execution_count": 98,
     "metadata": {},
     "output_type": "execute_result"
    }
   ],
   "source": [
    "stocks"
   ]
  },
  {
   "cell_type": "code",
   "execution_count": 99,
   "id": "9453ef80",
   "metadata": {},
   "outputs": [],
   "source": [
    "closes = np.transpose(np.array(data))       # matrix of daily closing prices\n",
    "absdiff = np.diff(closes)                   # change in closing price each day\n",
    "reldiff = np.divide(absdiff, closes[:,:-1]) # relative change in daily closing price\n",
    "delta = np.mean(reldiff, axis=1)            # mean price change\n",
    "sigma = np.cov(reldiff)                     # covariance (standard deviations)\n",
    "std = np.std(reldiff, axis=1)               # standard deviation"
   ]
  },
  {
   "cell_type": "code",
   "execution_count": 100,
   "id": "1d40b062",
   "metadata": {},
   "outputs": [
    {
     "data": {
      "text/plain": [
       "array([[ 3.53228677e-04,  9.22261636e-05,  1.45909840e-04,\n",
       "         1.00695720e-04,  5.21394221e-05,  6.14644774e-05,\n",
       "        -6.29065176e-06,  7.67871755e-05,  6.24993722e-05,\n",
       "         8.44240165e-05,  6.60324922e-05,  8.19412359e-05,\n",
       "         2.39618469e-05,  7.99899551e-05,  4.49873862e-05,\n",
       "         5.55899316e-05,  8.26257321e-05,  5.37405085e-05,\n",
       "         5.96271317e-05,  1.63952355e-05,  4.55205993e-05,\n",
       "         1.45371628e-05,  8.26620221e-05,  5.71883277e-05,\n",
       "         1.78804399e-04,  1.53904683e-06,  4.46494529e-05,\n",
       "         7.81990658e-05,  4.06788114e-05,  8.52150891e-05],\n",
       "       [ 9.22261636e-05,  1.56123476e-04,  1.07712625e-04,\n",
       "         5.90524248e-05,  3.88641268e-05,  4.11617486e-05,\n",
       "         4.42881123e-05,  4.65178578e-05,  4.64545580e-05,\n",
       "         7.31552336e-05,  4.23019867e-05,  5.52931016e-05,\n",
       "         4.49421326e-05,  5.32239679e-05,  4.72284781e-05,\n",
       "         4.90099785e-05,  5.74982974e-05,  5.51374628e-05,\n",
       "         5.65313535e-05,  9.94767393e-06,  4.15335101e-05,\n",
       "         1.53660684e-05,  5.95119033e-05,  5.16760964e-05,\n",
       "         8.04211560e-05, -5.74279491e-07,  4.27937921e-05,\n",
       "         6.24453795e-05,  2.88266351e-05,  6.78297310e-05],\n",
       "       [ 1.45909840e-04,  1.07712625e-04,  2.79731675e-04,\n",
       "         6.32873152e-05,  3.70951468e-05,  9.22340900e-05,\n",
       "         5.54285944e-05,  4.59305773e-05,  5.58978354e-05,\n",
       "         6.85736024e-05,  2.74750120e-05,  5.83529523e-05,\n",
       "         2.65810270e-05,  6.49986697e-05,  2.24959897e-05,\n",
       "         3.69098696e-05,  4.73736648e-05,  6.01021828e-05,\n",
       "         5.46731632e-05,  2.67914309e-05,  5.62949444e-05,\n",
       "        -8.21121017e-06,  7.26021541e-05,  6.67738558e-05,\n",
       "         1.33866854e-04,  2.20783400e-05,  5.21719586e-05,\n",
       "         7.49091491e-05,  6.03135918e-05,  6.46162863e-05],\n",
       "       [ 1.00695720e-04,  5.90524248e-05,  6.32873152e-05,\n",
       "         2.14369909e-04,  4.46886167e-05,  4.08682391e-05,\n",
       "         1.29340564e-05,  3.75980187e-05,  2.86855299e-05,\n",
       "         5.59796439e-05,  4.92084061e-05,  3.87770123e-05,\n",
       "         2.87649098e-05,  3.34577237e-05,  2.06187230e-05,\n",
       "         2.09147225e-05,  7.80166937e-05,  3.21311125e-05,\n",
       "         2.87169581e-05,  5.35771994e-06,  8.94681563e-06,\n",
       "         3.39304803e-05,  3.60122216e-05,  3.30288303e-05,\n",
       "         1.13064294e-04, -7.48251903e-06, -8.38072293e-07,\n",
       "         5.85672918e-05, -8.44317048e-06,  4.07537667e-05],\n",
       "       [ 5.21394221e-05,  3.88641268e-05,  3.70951468e-05,\n",
       "         4.46886167e-05,  1.00706505e-04,  3.83645179e-05,\n",
       "         1.80623369e-05,  1.29455019e-05,  9.37225757e-06,\n",
       "         1.03499316e-05,  3.23305525e-05,  4.35754416e-05,\n",
       "         3.01939515e-05,  3.69047410e-05,  1.22252398e-05,\n",
       "         2.03893575e-05,  5.06559435e-05,  2.69323419e-05,\n",
       "         3.60397914e-05,  1.57944852e-05,  8.54898024e-06,\n",
       "         2.94530330e-05,  4.71247729e-05,  2.13815249e-05,\n",
       "         5.29077479e-05,  8.78050080e-06,  1.51294734e-05,\n",
       "         3.34207555e-05,  2.97497719e-05,  5.19951240e-05],\n",
       "       [ 6.14644774e-05,  4.11617486e-05,  9.22340900e-05,\n",
       "         4.08682391e-05,  3.83645179e-05,  1.74441457e-04,\n",
       "        -4.32137483e-06,  3.48721171e-05,  4.86159165e-05,\n",
       "         1.94882659e-05,  3.18183113e-05,  4.47221648e-05,\n",
       "         4.12282811e-05, -1.63004623e-06,  1.41854758e-05,\n",
       "         2.03145721e-05,  3.33773921e-05,  1.92364260e-05,\n",
       "         5.41090757e-07,  4.57540956e-05,  4.79661382e-05,\n",
       "         2.06500640e-05,  1.83211128e-05,  2.77237431e-05,\n",
       "         5.74216714e-05,  2.57537217e-05,  3.34118024e-05,\n",
       "         5.17376667e-05,  5.34096916e-05,  5.54660012e-05],\n",
       "       [-6.29065176e-06,  4.42881123e-05,  5.54285944e-05,\n",
       "         1.29340564e-05,  1.80623369e-05, -4.32137483e-06,\n",
       "         2.67005029e-04,  3.17911569e-05,  1.95473097e-05,\n",
       "         7.46057769e-05,  1.59714332e-05,  4.42495306e-05,\n",
       "         2.36356536e-05,  1.03837179e-04,  2.49273621e-06,\n",
       "         1.08460211e-05,  2.15510300e-05,  5.95133520e-05,\n",
       "         1.00232712e-04,  2.44161545e-05,  8.27597665e-06,\n",
       "        -1.02935702e-05,  1.09096310e-04,  2.96706050e-05,\n",
       "         2.95543448e-05,  3.04171725e-05,  2.69031957e-05,\n",
       "         2.11151865e-05,  1.06757553e-05,  4.98975462e-05],\n",
       "       [ 7.67871755e-05,  4.65178578e-05,  4.59305773e-05,\n",
       "         3.75980187e-05,  1.29455019e-05,  3.48721171e-05,\n",
       "         3.17911569e-05,  1.39220770e-04,  3.13369753e-05,\n",
       "         9.17750580e-05,  3.39617813e-05,  6.83665362e-05,\n",
       "         1.89774620e-05,  3.80421089e-05,  3.65457733e-05,\n",
       "         3.59575163e-05,  3.92620328e-05,  3.31904155e-05,\n",
       "         3.66427347e-05,  4.07086280e-05,  3.19007317e-05,\n",
       "         1.90005565e-05,  5.33160398e-05,  4.89391807e-05,\n",
       "         5.17751959e-05,  3.00174661e-06,  3.73539584e-05,\n",
       "         5.19018121e-05,  3.29034806e-05,  6.99099615e-05],\n",
       "       [ 6.24993722e-05,  4.64545580e-05,  5.58978354e-05,\n",
       "         2.86855299e-05,  9.37225757e-06,  4.86159165e-05,\n",
       "         1.95473097e-05,  3.13369753e-05,  1.18389361e-04,\n",
       "         4.19893327e-05,  3.98479444e-05,  2.00105030e-05,\n",
       "         1.25480733e-05,  4.02323714e-05,  2.84492535e-05,\n",
       "         4.54225252e-05,  2.52623542e-05,  2.28113504e-05,\n",
       "         2.93402573e-05,  1.25545487e-05,  3.87392779e-05,\n",
       "         1.94573033e-05,  3.65288666e-05,  3.62154130e-05,\n",
       "         5.09402780e-05, -5.34362421e-06,  4.97100916e-05,\n",
       "         6.85153181e-05,  1.04873590e-05,  2.77092638e-05],\n",
       "       [ 8.44240165e-05,  7.31552336e-05,  6.85736024e-05,\n",
       "         5.59796439e-05,  1.03499316e-05,  1.94882659e-05,\n",
       "         7.46057769e-05,  9.17750580e-05,  4.19893327e-05,\n",
       "         3.12466980e-04,  5.28103748e-05,  5.16841732e-05,\n",
       "         8.61139607e-06,  6.37798084e-05,  4.92746539e-05,\n",
       "         5.94004480e-05,  5.35785939e-05,  9.25313986e-05,\n",
       "         8.54759878e-05,  1.45345531e-05,  3.61684750e-05,\n",
       "         8.58112163e-07,  9.10641047e-05,  5.89242737e-05,\n",
       "         8.34338496e-05,  1.44211975e-05,  5.33694197e-05,\n",
       "         5.97382283e-05, -1.26551002e-05,  6.04947456e-05],\n",
       "       [ 6.60324922e-05,  4.23019867e-05,  2.74750120e-05,\n",
       "         4.92084061e-05,  3.23305525e-05,  3.18183113e-05,\n",
       "         1.59714332e-05,  3.39617813e-05,  3.98479444e-05,\n",
       "         5.28103748e-05,  1.37618242e-04,  4.30507619e-05,\n",
       "         3.56694915e-05,  3.41609136e-05,  2.92675857e-05,\n",
       "         3.55942921e-05,  4.56729646e-05,  2.50159264e-05,\n",
       "         3.78764103e-05,  2.20194922e-05,  2.64341436e-05,\n",
       "         4.93596310e-05,  4.61245535e-05,  1.80250098e-05,\n",
       "         6.21330319e-05,  1.52190757e-06,  2.12911566e-05,\n",
       "         5.24926259e-05,  9.56451297e-06,  4.59644371e-05],\n",
       "       [ 8.19412359e-05,  5.52931016e-05,  5.83529523e-05,\n",
       "         3.87770123e-05,  4.35754416e-05,  4.47221648e-05,\n",
       "         4.42495306e-05,  6.83665362e-05,  2.00105030e-05,\n",
       "         5.16841732e-05,  4.30507619e-05,  1.39801892e-04,\n",
       "         3.62551678e-05,  5.80097824e-05,  2.83870034e-05,\n",
       "         2.11963078e-05,  6.14030021e-05,  3.08921127e-05,\n",
       "         4.71917205e-05,  2.32366067e-05,  2.02617065e-05,\n",
       "         1.27282254e-05,  7.82098588e-05,  3.65634800e-05,\n",
       "         7.61085911e-05,  1.81313331e-05,  2.27244225e-05,\n",
       "         3.97511762e-05,  2.94522472e-05,  1.36885051e-04],\n",
       "       [ 2.39618469e-05,  4.49421326e-05,  2.65810270e-05,\n",
       "         2.87649098e-05,  3.01939515e-05,  4.12282811e-05,\n",
       "         2.36356536e-05,  1.89774620e-05,  1.25480733e-05,\n",
       "         8.61139607e-06,  3.56694915e-05,  3.62551678e-05,\n",
       "         1.18921899e-04,  3.26006975e-05,  3.06817813e-05,\n",
       "         2.60367435e-05,  2.83686022e-05,  2.55768665e-05,\n",
       "         3.21509748e-05,  2.48932805e-05,  4.56736171e-05,\n",
       "         5.65951628e-05,  2.97138836e-05,  1.36656668e-05,\n",
       "         2.63980740e-05,  2.02645141e-05,  1.92195875e-05,\n",
       "         4.10406705e-05,  2.12919423e-05,  4.60482602e-05],\n",
       "       [ 7.99899551e-05,  5.32239679e-05,  6.49986697e-05,\n",
       "         3.34577237e-05,  3.69047410e-05, -1.63004623e-06,\n",
       "         1.03837179e-04,  3.80421089e-05,  4.02323714e-05,\n",
       "         6.37798084e-05,  3.41609136e-05,  5.80097824e-05,\n",
       "         3.26006975e-05,  1.39616024e-04,  3.48711147e-05,\n",
       "         2.52076893e-05,  3.62155862e-05,  3.81967047e-05,\n",
       "         1.00279238e-04,  5.07862163e-06,  3.55570178e-05,\n",
       "         2.13493684e-05,  1.19259806e-04,  3.59890655e-05,\n",
       "         5.62363571e-05,  3.28177286e-05,  3.03004043e-05,\n",
       "         5.29279976e-05,  2.46012725e-05,  6.52891833e-05],\n",
       "       [ 4.49873862e-05,  4.72284781e-05,  2.24959897e-05,\n",
       "         2.06187230e-05,  1.22252398e-05,  1.41854758e-05,\n",
       "         2.49273621e-06,  3.65457733e-05,  2.84492535e-05,\n",
       "         4.92746539e-05,  2.92675857e-05,  2.83870034e-05,\n",
       "         3.06817813e-05,  3.48711147e-05,  1.34933787e-04,\n",
       "         2.71340100e-05,  3.21813001e-05,  1.52136213e-05,\n",
       "         2.89928814e-05,  8.35335090e-06,  3.59239242e-05,\n",
       "         4.18881658e-05,  3.92751357e-05,  2.19133613e-05,\n",
       "         4.40615601e-05,  1.05789544e-05,  2.19918048e-05,\n",
       "         5.59325725e-05,  1.60918320e-06,  3.41984890e-05],\n",
       "       [ 5.55899316e-05,  4.90099785e-05,  3.69098696e-05,\n",
       "         2.09147225e-05,  2.03893575e-05,  2.03145721e-05,\n",
       "         1.08460211e-05,  3.59575163e-05,  4.54225252e-05,\n",
       "         5.94004480e-05,  3.55942921e-05,  2.11963078e-05,\n",
       "         2.60367435e-05,  2.52076893e-05,  2.71340100e-05,\n",
       "         1.40617131e-04,  2.89683707e-05,  4.07094792e-05,\n",
       "         2.71097613e-05,  2.65717854e-05,  4.52248352e-05,\n",
       "         2.92811857e-05,  2.49420027e-05,  2.89838424e-05,\n",
       "         6.93434162e-05,  1.84686235e-05,  4.49071925e-05,\n",
       "         5.40764010e-05,  9.25008637e-06,  2.73232059e-05],\n",
       "       [ 8.26257321e-05,  5.74982974e-05,  4.73736648e-05,\n",
       "         7.80166937e-05,  5.06559435e-05,  3.33773921e-05,\n",
       "         2.15510300e-05,  3.92620328e-05,  2.52623542e-05,\n",
       "         5.35785939e-05,  4.56729646e-05,  6.14030021e-05,\n",
       "         2.83686022e-05,  3.62155862e-05,  3.21813001e-05,\n",
       "         2.89683707e-05,  1.29222298e-04,  3.28216391e-05,\n",
       "         3.60597310e-05,  1.14740635e-05, -1.65807448e-05,\n",
       "         1.69856686e-05,  6.44726935e-05,  4.18749070e-05,\n",
       "         1.10923068e-04, -4.49846585e-06,  1.27077718e-05,\n",
       "         4.07129417e-05,  2.36393550e-05,  5.80167044e-05],\n",
       "       [ 5.37405085e-05,  5.51374628e-05,  6.01021828e-05,\n",
       "         3.21311125e-05,  2.69323419e-05,  1.92364260e-05,\n",
       "         5.95133520e-05,  3.31904155e-05,  2.28113504e-05,\n",
       "         9.25313986e-05,  2.50159264e-05,  3.08921127e-05,\n",
       "         2.55768665e-05,  3.81967047e-05,  1.52136213e-05,\n",
       "         4.07094792e-05,  3.28216391e-05,  1.64625613e-04,\n",
       "         3.23104687e-05,  3.70358786e-05,  1.60618451e-05,\n",
       "         1.53085126e-05,  4.41072497e-05,  7.20199291e-06,\n",
       "         6.24984249e-05,  1.40207637e-06,  4.53905487e-05,\n",
       "         3.27603285e-05,  2.90047580e-06,  4.37158076e-05],\n",
       "       [ 5.96271317e-05,  5.65313535e-05,  5.46731632e-05,\n",
       "         2.87169581e-05,  3.60397914e-05,  5.41090757e-07,\n",
       "         1.00232712e-04,  3.66427347e-05,  2.93402573e-05,\n",
       "         8.54759878e-05,  3.78764103e-05,  4.71917205e-05,\n",
       "         3.21509748e-05,  1.00279238e-04,  2.89928814e-05,\n",
       "         2.71097613e-05,  3.60597310e-05,  3.23104687e-05,\n",
       "         1.87369493e-04,  2.10408899e-06,  2.81790193e-05,\n",
       "         2.23998336e-05,  1.32093630e-04,  4.54172644e-05,\n",
       "         4.94220640e-05,  2.57754270e-05,  2.99379935e-05,\n",
       "         5.02258298e-05,  5.39277174e-06,  5.61127956e-05],\n",
       "       [ 1.63952355e-05,  9.94767393e-06,  2.67914309e-05,\n",
       "         5.35771994e-06,  1.57944852e-05,  4.57540956e-05,\n",
       "         2.44161545e-05,  4.07086280e-05,  1.25545487e-05,\n",
       "         1.45345531e-05,  2.20194922e-05,  2.32366067e-05,\n",
       "         2.48932805e-05,  5.07862163e-06,  8.35335090e-06,\n",
       "         2.65717854e-05,  1.14740635e-05,  3.70358786e-05,\n",
       "         2.10408899e-06,  1.61864179e-04,  3.03458903e-05,\n",
       "         2.85481666e-05,  9.78046620e-06,  1.60243926e-05,\n",
       "         2.74795002e-05,  2.16133355e-05,  6.13609941e-05,\n",
       "         6.27079566e-05,  2.21903200e-05,  4.25827343e-05],\n",
       "       [ 4.55205993e-05,  4.15335101e-05,  5.62949444e-05,\n",
       "         8.94681563e-06,  8.54898024e-06,  4.79661382e-05,\n",
       "         8.27597665e-06,  3.19007317e-05,  3.87392779e-05,\n",
       "         3.61684750e-05,  2.64341436e-05,  2.02617065e-05,\n",
       "         4.56736171e-05,  3.55570178e-05,  3.59239242e-05,\n",
       "         4.52248352e-05, -1.65807448e-05,  1.60618451e-05,\n",
       "         2.81790193e-05,  3.03458903e-05,  1.67568760e-04,\n",
       "         3.08047974e-05,  2.26992164e-05,  2.75036719e-05,\n",
       "         5.77161957e-06,  1.77720970e-05,  4.26017417e-05,\n",
       "         6.13810472e-05,  1.44564990e-05,  3.27139223e-05],\n",
       "       [ 1.45371628e-05,  1.53660684e-05, -8.21121017e-06,\n",
       "         3.39304803e-05,  2.94530330e-05,  2.06500640e-05,\n",
       "        -1.02935702e-05,  1.90005565e-05,  1.94573033e-05,\n",
       "         8.58112163e-07,  4.93596310e-05,  1.27282254e-05,\n",
       "         5.65951628e-05,  2.13493684e-05,  4.18881658e-05,\n",
       "         2.92811857e-05,  1.69856686e-05,  1.53085126e-05,\n",
       "         2.23998336e-05,  2.85481666e-05,  3.08047974e-05,\n",
       "         1.48098558e-04,  2.23891860e-05,  3.94722720e-07,\n",
       "         1.13087766e-05,  1.39437210e-05,  1.22105128e-05,\n",
       "         5.22724746e-05,  1.51479947e-05,  2.33053979e-05],\n",
       "       [ 8.26620221e-05,  5.95119033e-05,  7.26021541e-05,\n",
       "         3.60122216e-05,  4.71247729e-05,  1.83211128e-05,\n",
       "         1.09096310e-04,  5.33160398e-05,  3.65288666e-05,\n",
       "         9.10641047e-05,  4.61245535e-05,  7.82098588e-05,\n",
       "         2.97138836e-05,  1.19259806e-04,  3.92751357e-05,\n",
       "         2.49420027e-05,  6.44726935e-05,  4.41072497e-05,\n",
       "         1.32093630e-04,  9.78046620e-06,  2.26992164e-05,\n",
       "         2.23891860e-05,  1.81315026e-04,  5.13218981e-05,\n",
       "         7.43514843e-05,  2.60348857e-05,  3.10607423e-05,\n",
       "         5.45913764e-05,  3.29381075e-05,  7.93975445e-05],\n",
       "       [ 5.71883277e-05,  5.16760964e-05,  6.67738558e-05,\n",
       "         3.30288303e-05,  2.13815249e-05,  2.77237431e-05,\n",
       "         2.96706050e-05,  4.89391807e-05,  3.62154130e-05,\n",
       "         5.89242737e-05,  1.80250098e-05,  3.65634800e-05,\n",
       "         1.36656668e-05,  3.59890655e-05,  2.19133613e-05,\n",
       "         2.89838424e-05,  4.18749070e-05,  7.20199291e-06,\n",
       "         4.54172644e-05,  1.60243926e-05,  2.75036719e-05,\n",
       "         3.94722720e-07,  5.13218981e-05,  1.54918365e-04,\n",
       "         5.12365141e-05,  5.88553350e-06,  3.50099877e-05,\n",
       "         6.68889499e-05,  3.46933434e-05,  4.55278322e-05],\n",
       "       [ 1.78804399e-04,  8.04211560e-05,  1.33866854e-04,\n",
       "         1.13064294e-04,  5.29077479e-05,  5.74216714e-05,\n",
       "         2.95543448e-05,  5.17751959e-05,  5.09402780e-05,\n",
       "         8.34338496e-05,  6.21330319e-05,  7.61085911e-05,\n",
       "         2.63980740e-05,  5.62363571e-05,  4.40615601e-05,\n",
       "         6.93434162e-05,  1.10923068e-04,  6.24984249e-05,\n",
       "         4.94220640e-05,  2.74795002e-05,  5.77161957e-06,\n",
       "         1.13087766e-05,  7.43514843e-05,  5.12365141e-05,\n",
       "         2.65923586e-04,  2.01470079e-05,  4.00011182e-05,\n",
       "         8.71081419e-05,  2.66904899e-05,  6.54681656e-05],\n",
       "       [ 1.53904683e-06, -5.74279491e-07,  2.20783400e-05,\n",
       "        -7.48251903e-06,  8.78050080e-06,  2.57537217e-05,\n",
       "         3.04171725e-05,  3.00174661e-06, -5.34362421e-06,\n",
       "         1.44211975e-05,  1.52190757e-06,  1.81313331e-05,\n",
       "         2.02645141e-05,  3.28177286e-05,  1.05789544e-05,\n",
       "         1.84686235e-05, -4.49846585e-06,  1.40207637e-06,\n",
       "         2.57754270e-05,  2.16133355e-05,  1.77720970e-05,\n",
       "         1.39437210e-05,  2.60348857e-05,  5.88553350e-06,\n",
       "         2.01470079e-05,  9.38342762e-05,  2.00427352e-05,\n",
       "         1.95846322e-05,  7.22191359e-06,  2.45482047e-05],\n",
       "       [ 4.46494529e-05,  4.27937921e-05,  5.21719586e-05,\n",
       "        -8.38072293e-07,  1.51294734e-05,  3.34118024e-05,\n",
       "         2.69031957e-05,  3.73539584e-05,  4.97100916e-05,\n",
       "         5.33694197e-05,  2.12911566e-05,  2.27244225e-05,\n",
       "         1.92195875e-05,  3.03004043e-05,  2.19918048e-05,\n",
       "         4.49071925e-05,  1.27077718e-05,  4.53905487e-05,\n",
       "         2.99379935e-05,  6.13609941e-05,  4.26017417e-05,\n",
       "         1.22105128e-05,  3.10607423e-05,  3.50099877e-05,\n",
       "         4.00011182e-05,  2.00427352e-05,  1.35249849e-04,\n",
       "         5.44705653e-05,  1.81856138e-05,  3.55572819e-05],\n",
       "       [ 7.81990658e-05,  6.24453795e-05,  7.49091491e-05,\n",
       "         5.85672918e-05,  3.34207555e-05,  5.17376667e-05,\n",
       "         2.11151865e-05,  5.19018121e-05,  6.85153181e-05,\n",
       "         5.97382283e-05,  5.24926259e-05,  3.97511762e-05,\n",
       "         4.10406705e-05,  5.29279976e-05,  5.59325725e-05,\n",
       "         5.40764010e-05,  4.07129417e-05,  3.27603285e-05,\n",
       "         5.02258298e-05,  6.27079566e-05,  6.13810472e-05,\n",
       "         5.22724746e-05,  5.45913764e-05,  6.68889499e-05,\n",
       "         8.71081419e-05,  1.95846322e-05,  5.44705653e-05,\n",
       "         1.88293655e-04,  2.67062568e-05,  5.35778395e-05],\n",
       "       [ 4.06788114e-05,  2.88266351e-05,  6.03135918e-05,\n",
       "        -8.44317048e-06,  2.97497719e-05,  5.34096916e-05,\n",
       "         1.06757553e-05,  3.29034806e-05,  1.04873590e-05,\n",
       "        -1.26551002e-05,  9.56451297e-06,  2.94522472e-05,\n",
       "         2.12919423e-05,  2.46012725e-05,  1.60918320e-06,\n",
       "         9.25008637e-06,  2.36393550e-05,  2.90047580e-06,\n",
       "         5.39277174e-06,  2.21903200e-05,  1.44564990e-05,\n",
       "         1.51479947e-05,  3.29381075e-05,  3.46933434e-05,\n",
       "         2.66904899e-05,  7.22191359e-06,  1.81856138e-05,\n",
       "         2.67062568e-05,  1.32240814e-04,  3.56394058e-05],\n",
       "       [ 8.52150891e-05,  6.78297310e-05,  6.46162863e-05,\n",
       "         4.07537667e-05,  5.19951240e-05,  5.54660012e-05,\n",
       "         4.98975462e-05,  6.99099615e-05,  2.77092638e-05,\n",
       "         6.04947456e-05,  4.59644371e-05,  1.36885051e-04,\n",
       "         4.60482602e-05,  6.52891833e-05,  3.41984890e-05,\n",
       "         2.73232059e-05,  5.80167044e-05,  4.37158076e-05,\n",
       "         5.61127956e-05,  4.25827343e-05,  3.27139223e-05,\n",
       "         2.33053979e-05,  7.93975445e-05,  4.55278322e-05,\n",
       "         6.54681656e-05,  2.45482047e-05,  3.55572819e-05,\n",
       "         5.35778395e-05,  3.56394058e-05,  1.51228569e-04]])"
      ]
     },
     "execution_count": 100,
     "metadata": {},
     "output_type": "execute_result"
    }
   ],
   "source": [
    "sigma"
   ]
  },
  {
   "cell_type": "code",
   "execution_count": 101,
   "id": "bf759d24",
   "metadata": {},
   "outputs": [],
   "source": [
    "Investing_amount = 1000000.00"
   ]
  },
  {
   "cell_type": "code",
   "execution_count": 102,
   "id": "c2ead352",
   "metadata": {},
   "outputs": [],
   "source": [
    "# Correlation to Covariance\n",
    "def cor_to_cov(cor, data):\n",
    "    n = data.shape[0]\n",
    "    cov_mat = np.zeros((n,n))\n",
    "    for i in range(n):\n",
    "        for j in range(n):\n",
    "            x, y = data[i], data[j]\n",
    "            cov_mat[i][j] = cor[i][j]*(x.std() * y.std())\n",
    "    return cov_mat"
   ]
  },
  {
   "cell_type": "code",
   "execution_count": null,
   "id": "d8ec6d82",
   "metadata": {},
   "outputs": [],
   "source": []
  },
  {
   "cell_type": "code",
   "execution_count": null,
   "id": "a4279342",
   "metadata": {},
   "outputs": [],
   "source": []
  },
  {
   "cell_type": "markdown",
   "id": "9fcd76e4",
   "metadata": {},
   "source": [
    "# Spearman's Cov"
   ]
  },
  {
   "cell_type": "code",
   "execution_count": 103,
   "id": "0ddaecfb",
   "metadata": {},
   "outputs": [
    {
     "name": "stdout",
     "output_type": "stream",
     "text": [
      "Vector X\n",
      "15 18 21 15 21\n",
      "Rankings of X\n",
      "1.5 3.0 4.5 1.5 4.5\n",
      "Vector Y\n",
      "25 25 27 27 27\n",
      "Rankings of Y\n",
      "1.5 1.5 4.0 4.0 4.0\n",
      "Spearman's Rank correlation: \n",
      "0.45643546458763845\n"
     ]
    }
   ],
   "source": [
    "# Python3 Program to find correlation coefficient\n",
    "\n",
    "\n",
    "# Utility Function to print\n",
    "# a Vector\n",
    "def printVector(X):\n",
    "\tprint(*X)\n",
    "\n",
    "# Function returns the rank vector\n",
    "# of the set of observations\n",
    "\n",
    "\n",
    "def rankify(X):\n",
    "\n",
    "\tN = len(X)\n",
    "\n",
    "\t# Rank Vector\n",
    "\tRank_X = [None for _ in range(N)]\n",
    "\n",
    "\tfor i in range(N):\n",
    "\n",
    "\t\tr = 1\n",
    "\t\ts = 1\n",
    "\n",
    "\t\t# Count no of smaller elements\n",
    "\t\t# in 0 to i-1\n",
    "\t\tfor j in range(i):\n",
    "\t\t\tif (X[j] < X[i]):\n",
    "\t\t\t\tr += 1\n",
    "\t\t\tif (X[j] == X[i]):\n",
    "\t\t\t\ts += 1\n",
    "\n",
    "\t\t# Count no of smaller elements\n",
    "\t\t# in i+1 to N-1\n",
    "\t\tfor j in range(i+1, N):\n",
    "\t\t\tif (X[j] < X[i]):\n",
    "\t\t\t\tr += 1\n",
    "\t\t\tif (X[j] == X[i]):\n",
    "\t\t\t\ts += 1\n",
    "\n",
    "\t\t# Use Fractional Rank formula\n",
    "\t\t# fractional_rank = r + (n-1)/2\n",
    "\t\tRank_X[i] = r + (s-1) * 0.5\n",
    "\n",
    "\t# Return Rank Vector\n",
    "\treturn Rank_X\n",
    "\n",
    "\n",
    "# function that returns\n",
    "# Pearson correlation coefficient.\n",
    "def correlationCoefficient(X, Y):\n",
    "\tn = len(X)\n",
    "\tsum_X = 0\n",
    "\tsum_Y = 0\n",
    "\tsum_XY = 0\n",
    "\tsquareSum_X = 0\n",
    "\tsquareSum_Y = 0\n",
    "\n",
    "\tfor i in range(n):\n",
    "\n",
    "\t\t# sum of elements of array X.\n",
    "\t\tsum_X = sum_X + X[i]\n",
    "\n",
    "\t\t# sum of elements of array Y.\n",
    "\t\tsum_Y = sum_Y + Y[i]\n",
    "\n",
    "\t\t# sum of X[i] * Y[i].\n",
    "\t\tsum_XY = sum_XY + X[i] * Y[i]\n",
    "\n",
    "\t\t# sum of square of array elements.\n",
    "\t\tsquareSum_X = squareSum_X + X[i] * X[i]\n",
    "\t\tsquareSum_Y = squareSum_Y + Y[i] * Y[i]\n",
    "\n",
    "\t# use formula for calculating\n",
    "\t# correlation coefficient.\n",
    "\tcorr = (n * sum_XY - sum_X * sum_Y) / ((n * squareSum_X -\n",
    "\t\t\t\t\t\t\t\t\t\t\tsum_X * sum_X) * (n * squareSum_Y - sum_Y * sum_Y)) ** 0.5\n",
    "\n",
    "\treturn corr\n",
    "\n",
    "\n",
    "# Driver function\n",
    "X = [15, 18, 21, 15, 21]\n",
    "Y = [25, 25, 27, 27, 27]\n",
    "\n",
    "# Get ranks of vector X\n",
    "rank_x = rankify(X)\n",
    "\n",
    "# Get ranks of vector y\n",
    "rank_y = rankify(Y)\n",
    "\n",
    "print(\"Vector X\")\n",
    "printVector(X)\n",
    "\n",
    "# Print rank vector of X\n",
    "print(\"Rankings of X\")\n",
    "printVector(rank_x)\n",
    "\n",
    "# Print Vector Y\n",
    "print(\"Vector Y\")\n",
    "printVector(Y)\n",
    "\n",
    "# Print rank vector of Y\n",
    "print(\"Rankings of Y\")\n",
    "printVector(rank_y)\n",
    "\n",
    "# Print Spearmans coefficient\n",
    "print(\"Spearman's Rank correlation: \")\n",
    "print(correlationCoefficient(rank_x, rank_y))\n",
    "\n",
    "\n",
    "# This code is contributed by phasing17"
   ]
  },
  {
   "cell_type": "code",
   "execution_count": 104,
   "id": "a1b358e2",
   "metadata": {},
   "outputs": [
    {
     "data": {
      "text/plain": [
       "(30, 30)"
      ]
     },
     "execution_count": 104,
     "metadata": {},
     "output_type": "execute_result"
    }
   ],
   "source": [
    "spearman_cor = np.zeros((30,30)).tolist()\n",
    "for i in range(len(stocks)):\n",
    "    for j in range(len(stocks)):\n",
    "        rank_i = rankify(reldiff[i])\n",
    "        rank_j = rankify(reldiff[j])\n",
    "        spearman_cor[i][j] =  correlationCoefficient(rank_i, rank_j)\n",
    "        \n",
    "spearman_cor = np.array(spearman_cor)\n",
    "spearman_cor.shape"
   ]
  },
  {
   "cell_type": "code",
   "execution_count": 105,
   "id": "fd2d2b13",
   "metadata": {},
   "outputs": [
    {
     "data": {
      "text/plain": [
       "array([[ 1.        ,  0.37290984,  0.49379718,  0.38891896,  0.21806011,\n",
       "         0.23715995,  0.08804301,  0.32159237,  0.31011964,  0.26232129,\n",
       "         0.29508617,  0.31416465,  0.04297109,  0.3388335 ,  0.14733656,\n",
       "         0.17491098,  0.32532403,  0.28085231,  0.28030195,  0.09594787,\n",
       "         0.25352514,  0.04221621,  0.31238428,  0.20350377,  0.5099069 ,\n",
       "         0.03570716,  0.22136605,  0.24625409,  0.20588947,  0.35024925],\n",
       "       [ 0.37290984,  1.        ,  0.56207093,  0.44363339,  0.28087879,\n",
       "         0.30286284,  0.26165076,  0.32084461,  0.33120638,  0.35980202,\n",
       "         0.26097422,  0.32191995,  0.3313773 ,  0.36355932,  0.33745905,\n",
       "         0.27697621,  0.40497792,  0.36652447,  0.31984048,  0.07189147,\n",
       "         0.32134311,  0.08758012,  0.34176755,  0.370809  ,  0.34577045,\n",
       "         0.02290984,  0.33672081,  0.39999288,  0.27459051,  0.41149409],\n",
       "       [ 0.49379718,  0.56207093,  1.        ,  0.31952001,  0.26103831,\n",
       "         0.43300812,  0.33971656,  0.26502635,  0.29098419,  0.26069044,\n",
       "         0.13733086,  0.26148697,  0.17679106,  0.40564734,  0.20043441,\n",
       "         0.19659593,  0.29575559,  0.30171843,  0.33067939,  0.11552485,\n",
       "         0.39732944,  0.00812562,  0.38795756,  0.343904  ,  0.47449166,\n",
       "         0.11924227,  0.34353613,  0.30709301,  0.36761145,  0.298476  ],\n",
       "       [ 0.38891896,  0.44363339,  0.31952001,  1.        ,  0.23753739,\n",
       "         0.20041305,  0.11931349,  0.28124911,  0.26736932,  0.28218349,\n",
       "         0.38443954,  0.30061957,  0.18237431,  0.22762427,  0.1800527 ,\n",
       "         0.14799886,  0.49269335,  0.20853303,  0.18191853,  0.04122632,\n",
       "         0.14752884,  0.17917676,  0.24316337,  0.2027489 ,  0.5011973 ,\n",
       "        -0.00326877,  0.10787714,  0.29590514,  0.06636519,  0.32562313],\n",
       "       [ 0.21806011,  0.28087879,  0.26103831,  0.23753739,  1.        ,\n",
       "         0.32996012,  0.18830651,  0.11591654,  0.11331007,  0.08939769,\n",
       "         0.25606751,  0.38238855,  0.23198262,  0.28248113,  0.11271899,\n",
       "         0.16820966,  0.39024356,  0.19704598,  0.26788207,  0.14611879,\n",
       "         0.17204102,  0.20323316,  0.36585956,  0.21578835,  0.33927208,\n",
       "         0.11355932,  0.13886297,  0.20201538,  0.26689218,  0.45632389],\n",
       "       [ 0.23715995,  0.30286284,  0.43300812,  0.20041305,  0.32996012,\n",
       "         1.        ,  0.06617291,  0.25865974,  0.36526848,  0.11357915,\n",
       "         0.23633386,  0.25601054,  0.34190998,  0.04519299,  0.1366472 ,\n",
       "         0.21875089,  0.26671414,  0.14490916,  0.11883635,  0.26733371,\n",
       "         0.35287708,  0.1817761 ,  0.14094858,  0.22234724,  0.29127669,\n",
       "         0.20007121,  0.31566241,  0.24611879,  0.34677396,  0.33260219],\n",
       "       [ 0.08804301,  0.26165076,  0.33971656,  0.11931349,  0.18830651,\n",
       "         0.06617291,  1.        ,  0.17801595,  0.15566159,  0.29765165,\n",
       "         0.12026065,  0.26447799,  0.13899729,  0.60821108,  0.11529697,\n",
       "         0.11871528,  0.12501068,  0.20964399,  0.51585244,  0.08743057,\n",
       "         0.13750178, -0.04785643,  0.59938755,  0.2727318 ,  0.23007091,\n",
       "         0.2931064 ,  0.18854286,  0.1771044 ,  0.13845606,  0.2884703 ],\n",
       "       [ 0.32159237,  0.32084461,  0.26502635,  0.28124911,  0.11591654,\n",
       "         0.25865974,  0.17801595,  1.        ,  0.26695627,  0.46446846,\n",
       "         0.26130893,  0.44377582,  0.18161231,  0.24658881,  0.27704031,\n",
       "         0.21831648,  0.27409913,  0.23715452,  0.20156673,  0.25786925,\n",
       "         0.20832502,  0.13559322,  0.31025495,  0.35168779,  0.26759056,\n",
       "         0.06328871,  0.31502147,  0.33832075,  0.22900584,  0.4602051 ],\n",
       "       [ 0.31011964,  0.33120638,  0.29098419,  0.26736932,  0.11331007,\n",
       "         0.36526848,  0.15566159,  0.26695627,  1.        ,  0.28396389,\n",
       "         0.35614585,  0.19298533,  0.08982339,  0.37266059,  0.22176328,\n",
       "         0.37624982,  0.31519014,  0.19307216,  0.25396667,  0.08641219,\n",
       "         0.30927218,  0.24236576,  0.30660875,  0.33780088,  0.31187921,\n",
       "         0.06104544,  0.43632272,  0.50350377,  0.11239852,  0.25115368],\n",
       "       [ 0.26232129,  0.35980202,  0.26069044,  0.28218349,  0.08939769,\n",
       "         0.11357915,  0.29765165,  0.46446846,  0.28396389,  1.        ,\n",
       "         0.28070219,  0.23981697,  0.02825859,  0.28244699,  0.22224438,\n",
       "         0.2529528 ,  0.27691705,  0.41591266,  0.35883704,  0.00569017,\n",
       "         0.12392686,  0.01970196,  0.35317891,  0.27500134,  0.33036539,\n",
       "         0.07645058,  0.31663302,  0.2846084 , -0.06426193,  0.27050047],\n",
       "       [ 0.29508617,  0.26097422,  0.13733086,  0.38443954,  0.25606751,\n",
       "         0.23633386,  0.12026065,  0.26130893,  0.35614585,  0.28070219,\n",
       "         1.        ,  0.34357641,  0.24384703,  0.26605897,  0.1734938 ,\n",
       "         0.29799886,  0.41075345,  0.24431879,  0.25929355,  0.12761715,\n",
       "         0.19080615,  0.38686085,  0.35408774,  0.1416821 ,  0.28893728,\n",
       "         0.00910839,  0.12729047,  0.31934197,  0.09643213,  0.34263638],\n",
       "       [ 0.31416465,  0.32191995,  0.26148697,  0.30061957,  0.38238855,\n",
       "         0.25601054,  0.26447799,  0.44377582,  0.19298533,  0.23981697,\n",
       "         0.34357641,  1.        ,  0.31491241,  0.36481983,  0.24198832,\n",
       "         0.17929782,  0.43696055,  0.25970132,  0.28203247,  0.21644353,\n",
       "         0.26005555,  0.16833072,  0.38653326,  0.25544794,  0.37864332,\n",
       "         0.1097422 ,  0.20628263,  0.30525566,  0.22022504,  0.91644353],\n",
       "       [ 0.04297109,  0.3313773 ,  0.17679106,  0.18237431,  0.23198262,\n",
       "         0.34190998,  0.13899729,  0.18161231,  0.08982339,  0.02825859,\n",
       "         0.24384703,  0.31491241,  1.        ,  0.24968665,  0.31439254,\n",
       "         0.18190429,  0.21385842,  0.12792428,  0.27725395,  0.1789916 ,\n",
       "         0.35670845,  0.38820681,  0.17585102,  0.16420738,  0.15572952,\n",
       "         0.1741205 ,  0.14662546,  0.29507905,  0.22599345,  0.36723401],\n",
       "       [ 0.3388335 ,  0.36355932,  0.40564734,  0.22762427,  0.28248113,\n",
       "         0.04519299,  0.60821108,  0.24658881,  0.37266059,  0.28244699,\n",
       "         0.26605897,  0.36481983,  0.24968665,  1.        ,  0.27960405,\n",
       "         0.18822105,  0.32345108,  0.21934354,  0.64441675,  0.0319755 ,\n",
       "         0.25739923,  0.15521293,  0.74277168,  0.30598205,  0.35274952,\n",
       "         0.3145777 ,  0.20626126,  0.36890044,  0.2242558 ,  0.39737929],\n",
       "       [ 0.14733656,  0.33745905,  0.20043441,  0.1800527 ,  0.11271899,\n",
       "         0.1366472 ,  0.11529697,  0.27704031,  0.22176328,  0.22224438,\n",
       "         0.1734938 ,  0.24198832,  0.31439254,  0.27960405,  1.        ,\n",
       "         0.19671699,  0.24374733,  0.12625072,  0.25498504,  0.11260504,\n",
       "         0.24995727,  0.32601481,  0.23357784,  0.1557969 ,  0.25984237,\n",
       "         0.19184589,  0.2586046 ,  0.38261644,  0.06368751,  0.28383421],\n",
       "       [ 0.17491098,  0.27697621,  0.19659593,  0.14799886,  0.16820966,\n",
       "         0.21875089,  0.11871528,  0.21831648,  0.37624982,  0.2529528 ,\n",
       "         0.29799886,  0.17929782,  0.18190429,  0.18822105,  0.19671699,\n",
       "         1.        ,  0.19227318,  0.26876705,  0.26053269,  0.18188292,\n",
       "         0.27915539,  0.20775531,  0.19795613,  0.22821535,  0.32598691,\n",
       "         0.20348241,  0.32291926,  0.32300242,  0.05282011,  0.20089019],\n",
       "       [ 0.32532403,  0.40497792,  0.29575559,  0.49269335,  0.39024356,\n",
       "         0.26671414,  0.12501068,  0.27409913,  0.31519014,  0.27691705,\n",
       "         0.41075345,  0.43696055,  0.21385842,  0.32345108,  0.24374733,\n",
       "         0.19227318,  1.        ,  0.18756721,  0.28008119,  0.06330295,\n",
       "         0.06359493,  0.21407919,  0.4545079 ,  0.34831221,  0.59977674,\n",
       "        -0.01896453,  0.12309588,  0.34110526,  0.21992594,  0.41545364],\n",
       "       [ 0.28085231,  0.36652447,  0.30171843,  0.20853303,  0.19704598,\n",
       "         0.14490916,  0.20964399,  0.23715452,  0.19307216,  0.41591266,\n",
       "         0.24431879,  0.25970132,  0.12792428,  0.21934354,  0.12625072,\n",
       "         0.26876705,  0.18756721,  1.        ,  0.18676248,  0.22860154,\n",
       "         0.21362494,  0.15260043,  0.25335603,  0.05079797,  0.31267192,\n",
       "         0.05894501,  0.30384281,  0.25425334,  0.03838512,  0.30810645],\n",
       "       [ 0.28030195,  0.31984048,  0.33067939,  0.18191853,  0.26788207,\n",
       "         0.11883635,  0.51585244,  0.20156673,  0.25396667,  0.35883704,\n",
       "         0.25929355,  0.28203247,  0.27725395,  0.64441675,  0.25498504,\n",
       "         0.26053269,  0.28008119,  0.18676248,  1.        ,  0.02281014,\n",
       "         0.18657599,  0.17407777,  0.71837345,  0.29109101,  0.3519626 ,\n",
       "         0.29139012,  0.18695476,  0.32513887,  0.09788492,  0.34530694],\n",
       "       [ 0.09594787,  0.07189147,  0.11552485,  0.04122632,  0.14611879,\n",
       "         0.26733371,  0.08743057,  0.25786925,  0.08641219,  0.00569017,\n",
       "         0.12761715,  0.21644353,  0.1789916 ,  0.0319755 ,  0.11260504,\n",
       "         0.18188292,  0.06330295,  0.22860154,  0.02281014,  1.        ,\n",
       "         0.21427147,  0.20913688,  0.07098704,  0.12781655,  0.12656339,\n",
       "         0.09742914,  0.36234413,  0.34106253,  0.20398804,  0.34321322],\n",
       "       [ 0.25352514,  0.32134311,  0.39732944,  0.14752884,  0.17204102,\n",
       "         0.35287708,  0.13750178,  0.20832502,  0.30927218,  0.12392686,\n",
