{
 "cells": [
  {
   "cell_type": "code",
   "execution_count": 3,
   "id": "c0f2f5c4",
   "metadata": {},
   "outputs": [],
   "source": [
    "#from tkinter import *\n",
    "import gurobipy as gp\n",
    "from gurobipy import GRB\n",
    "from math import sqrt\n",
    "import pandas as pd\n",
    "import numpy as np\n",
    "import matplotlib\n",
    "#matplotlib.use('Agg')\n",
    "import matplotlib.pyplot as plt"
   ]
  },
  {
   "cell_type": "markdown",
   "id": "ee1c5116",
   "metadata": {},
   "source": [
    "# Markowitz Minimum Variance"
   ]
  },
  {
   "cell_type": "code",
   "execution_count": 42,
   "id": "19eb8c5a",
   "metadata": {},
   "outputs": [
    {
     "data": {
      "text/plain": [
       "Index(['INDUSINDBK.csv', 'Reliance.csv', 'Bajaj_Finserv.csv', 'Axis.csv',\n",
       "       'Kotakbank.csv', 'TITAN.csv', 'TECHM.csv', 'LT.csv', 'MarutiSuzuki.csv',\n",
       "       'TATASTEEL.csv', 'Bharti_Airtel.csv', 'HDFC_BANK.csv',\n",
       "       'Nestle_India.csv', 'TCS.csv', 'ITC.csv', 'HEROMOTOCO.csv', 'icici.csv',\n",
       "       'ONGC.csv', 'HCL.csv', 'POWERGRID.csv', 'BAJAJ-AUTO.csv', 'HU.csv',\n",
       "       'Infosys.csv', 'ULTRACEMCO.csv', 'SBI.csv', 'Sun_Pharma.csv',\n",
       "       'NTPC.csv', 'MnM.csv', 'AsianPaints.csv', 'HDFC.csv'],\n",
       "      dtype='object')"
      ]
     },
     "execution_count": 42,
     "metadata": {},
     "output_type": "execute_result"
    }
   ],
   "source": [
    "data = pd.read_csv('Closing_Price.csv')\n",
    "stocks = data.columns\n",
    "stocks"
   ]
  },
  {
   "cell_type": "code",
   "execution_count": 43,
   "id": "9d6796d4",
   "metadata": {},
   "outputs": [],
   "source": [
    "closes = np.transpose(np.array(data))       # matrix of daily closing prices\n",
    "absdiff = np.diff(closes)                   # change in closing price each day\n",
    "reldiff = np.divide(absdiff, closes[:,:-1]) # relative change in daily closing price\n",
    "delta = np.mean(reldiff, axis=1)            # mean price change\n",
    "sigma = np.cov(reldiff)                     # covariance (standard deviations)\n",
    "std = np.std(reldiff, axis=1)               # standard deviation"
   ]
  },
  {
   "cell_type": "code",
   "execution_count": 45,
   "id": "5a209628",
   "metadata": {},
   "outputs": [
    {
     "data": {
      "text/plain": [
       "(30, 119)"
      ]
     },
     "execution_count": 45,
     "metadata": {},
     "output_type": "execute_result"
    }
   ],
   "source": [
    "reldiff.shape"
   ]
  },
  {
   "cell_type": "code",
   "execution_count": 65,
   "id": "547b21d7",
   "metadata": {},
   "outputs": [],
   "source": [
    "from scipy.spatial.distance import pdist, squareform\n",
    "import numpy as np\n",
    "\n",
    "# from numbapro import jit, float32\n",
    "\n",
    "def distcorr(X, Y):\n",
    "    \"\"\" Compute the distance correlation function\n",
    "    \n",
    "    >>> a = [1,2,3,4,5]\n",
    "    >>> b = np.array([1,2,9,4,4])\n",
    "    >>> distcorr(a, b)\n",
    "    0.762676242417\n",
    "    \"\"\"\n",
    "    X = np.atleast_1d(X)\n",
    "    Y = np.atleast_1d(Y)\n",
    "    if np.prod(X.shape) == len(X):\n",
    "        X = X[:, None]\n",
    "    if np.prod(Y.shape) == len(Y):\n",
    "        Y = Y[:, None]\n",
    "    X = np.atleast_2d(X)\n",
    "    Y = np.atleast_2d(Y)\n",
    "    n = X.shape[0]\n",
    "    if Y.shape[0] != X.shape[0]:\n",
    "        raise ValueError('Number of samples must match')\n",
    "    a = squareform(pdist(X))\n",
    "    b = squareform(pdist(Y))\n",
    "    A = a - a.mean(axis=0)[None, :] - a.mean(axis=1)[:, None] + a.mean()\n",
    "    B = b - b.mean(axis=0)[None, :] - b.mean(axis=1)[:, None] + b.mean()\n",
    "    \n",
    "    dcov2_xy = (A * B).sum()/((n * n)*1.0)\n",
    "    dcov2_xx = (A * A).sum()/((n * n)*1.0)\n",
    "    dcov2_yy = (B * B).sum()/((n * n)*1.0)\n",
    "    dcor = np.sqrt(dcov2_xy)/np.sqrt(np.sqrt(dcov2_xx) * np.sqrt(dcov2_yy))\n",
    "    return dcor\n"
   ]
  },
  {
   "cell_type": "code",
   "execution_count": 74,
   "id": "0d4ed804",
   "metadata": {
    "scrolled": true
   },
   "outputs": [
    {
     "data": {
      "text/plain": [
       "0.3692524945910265"
      ]
     },
     "execution_count": 74,
     "metadata": {},
     "output_type": "execute_result"
    }
   ],
   "source": [
    "distcorr(reldiff[0],reldiff[29])"
   ]
  },
  {
   "cell_type": "code",
   "execution_count": 76,
   "id": "c19ff125",
   "metadata": {
    "scrolled": true
   },
   "outputs": [
    {
     "name": "stdout",
     "output_type": "stream",
     "text": [
      "0\n",
      "1\n",
      "2\n",
      "3\n",
      "4\n",
      "5\n",
      "6\n",
      "7\n",
      "8\n",
      "9\n"
     ]
    }
   ],
   "source": [
    "for i in range(0,10):\n",
    "    print(i)"
   ]
  },
  {
   "cell_type": "code",
   "execution_count": 83,
   "id": "f3c12d7f",
   "metadata": {},
   "outputs": [
    {
     "data": {
      "text/plain": [
       "[[0,\n",
       "  0,\n",
       "  0,\n",
       "  0,\n",
       "  0,\n",
       "  0,\n",
       "  0,\n",
       "  0,\n",
       "  0,\n",
       "  0,\n",
       "  0,\n",
       "  0,\n",
       "  0,\n",
       "  0,\n",
       "  0,\n",
       "  0,\n",
       "  0,\n",
       "  0,\n",
       "  0,\n",
       "  0,\n",
       "  0,\n",
       "  0,\n",
       "  0,\n",
       "  0,\n",
       "  0,\n",
       "  0,\n",
       "  0,\n",
       "  0,\n",
       "  0,\n",
       "  0],\n",
       " [0,\n",
       "  0,\n",
       "  0,\n",
       "  0,\n",
       "  0,\n",
       "  0,\n",
       "  0,\n",
       "  0,\n",
       "  0,\n",
       "  0,\n",
       "  0,\n",
       "  0,\n",
       "  0,\n",
       "  0,\n",
       "  0,\n",
       "  0,\n",
       "  0,\n",
       "  0,\n",
       "  0,\n",
       "  0,\n",
       "  0,\n",
       "  0,\n",
       "  0,\n",
       "  0,\n",
       "  0,\n",
       "  0,\n",
       "  0,\n",
       "  0,\n",
       "  0,\n",
       "  0],\n",
       " [0,\n",
       "  0,\n",
       "  0,\n",
       "  0,\n",
       "  0,\n",
       "  0,\n",
       "  0,\n",
       "  0,\n",
       "  0,\n",
       "  0,\n",
       "  0,\n",
       "  0,\n",
       "  0,\n",
       "  0,\n",
       "  0,\n",
       "  0,\n",
       "  0,\n",
       "  0,\n",
       "  0,\n",
       "  0,\n",
       "  0,\n",
       "  0,\n",
       "  0,\n",
       "  0,\n",
       "  0,\n",
       "  0,\n",
       "  0,\n",
       "  0,\n",
       "  0,\n",
       "  0],\n",
       " [0,\n",
       "  0,\n",
       "  0,\n",
       "  0,\n",
       "  0,\n",
       "  0,\n",
       "  0,\n",
       "  0,\n",
       "  0,\n",
       "  0,\n",
       "  0,\n",
       "  0,\n",
       "  0,\n",
       "  0,\n",
       "  0,\n",
       "  0,\n",
       "  0,\n",
       "  0,\n",
       "  0,\n",
       "  0,\n",
       "  0,\n",
       "  0,\n",
       "  0,\n",
       "  0,\n",
       "  0,\n",
       "  0,\n",
       "  0,\n",
       "  0,\n",
       "  0,\n",
       "  0],\n",
       " [0,\n",
       "  0,\n",
       "  0,\n",
       "  0,\n",
       "  0,\n",
       "  0,\n",
       "  0,\n",
       "  0,\n",
       "  0,\n",
       "  0,\n",
       "  0,\n",
       "  0,\n",
       "  0,\n",
       "  0,\n",
       "  0,\n",
       "  0,\n",
       "  0,\n",
       "  0,\n",
       "  0,\n",
       "  0,\n",
       "  0,\n",
       "  0,\n",
       "  0,\n",
       "  0,\n",
       "  0,\n",
       "  0,\n",
       "  0,\n",
       "  0,\n",
       "  0,\n",
       "  0],\n",
       " [0,\n",
       "  0,\n",
       "  0,\n",
       "  0,\n",
       "  0,\n",
       "  0,\n",
       "  0,\n",
       "  0,\n",
       "  0,\n",
       "  0,\n",
       "  0,\n",
       "  0,\n",
       "  0,\n",
       "  0,\n",
       "  0,\n",
       "  0,\n",
       "  0,\n",
       "  0,\n",
       "  0,\n",
       "  0,\n",
       "  0,\n",
       "  0,\n",
       "  0,\n",
       "  0,\n",
       "  0,\n",
       "  0,\n",
       "  0,\n",
       "  0,\n",
       "  0,\n",
       "  0],\n",
       " [0,\n",
       "  0,\n",
       "  0,\n",
       "  0,\n",
       "  0,\n",
       "  0,\n",
       "  0,\n",
       "  0,\n",
       "  0,\n",
       "  0,\n",
       "  0,\n",
       "  0,\n",
       "  0,\n",
       "  0,\n",
       "  0,\n",
       "  0,\n",
       "  0,\n",
       "  0,\n",
       "  0,\n",
       "  0,\n",
       "  0,\n",
       "  0,\n",
       "  0,\n",
       "  0,\n",
       "  0,\n",
       "  0,\n",
       "  0,\n",
       "  0,\n",
       "  0,\n",
       "  0],\n",
       " [0,\n",
       "  0,\n",
       "  0,\n",
       "  0,\n",
       "  0,\n",
       "  0,\n",
       "  0,\n",
       "  0,\n",
       "  0,\n",
       "  0,\n",
       "  0,\n",
       "  0,\n",
       "  0,\n",
       "  0,\n",
       "  0,\n",
       "  0,\n",
       "  0,\n",
       "  0,\n",
       "  0,\n",
       "  0,\n",
       "  0,\n",
       "  0,\n",
       "  0,\n",
       "  0,\n",
       "  0,\n",
       "  0,\n",
       "  0,\n",
       "  0,\n",
       "  0,\n",
       "  0],\n",
       " [0,\n",
       "  0,\n",
       "  0,\n",
       "  0,\n",
       "  0,\n",
       "  0,\n",
       "  0,\n",
       "  0,\n",
       "  0,\n",
       "  0,\n",
       "  0,\n",
       "  0,\n",
       "  0,\n",
       "  0,\n",
       "  0,\n",
       "  0,\n",
       "  0,\n",
       "  0,\n",
       "  0,\n",
       "  0,\n",
       "  0,\n",
       "  0,\n",
       "  0,\n",
       "  0,\n",
       "  0,\n",
       "  0,\n",
       "  0,\n",
       "  0,\n",
       "  0,\n",
       "  0],\n",
       " [0,\n",
       "  0,\n",
       "  0,\n",
       "  0,\n",
       "  0,\n",
       "  0,\n",
       "  0,\n",
       "  0,\n",
       "  0,\n",
       "  0,\n",
       "  0,\n",
       "  0,\n",
       "  0,\n",
       "  0,\n",
       "  0,\n",
       "  0,\n",
       "  0,\n",
       "  0,\n",
       "  0,\n",
       "  0,\n",
       "  0,\n",
       "  0,\n",
       "  0,\n",
       "  0,\n",
       "  0,\n",
       "  0,\n",
       "  0,\n",
       "  0,\n",
       "  0,\n",
       "  0],\n",
       " [0,\n",
       "  0,\n",
       "  0,\n",
       "  0,\n",
       "  0,\n",
       "  0,\n",
       "  0,\n",
       "  0,\n",
       "  0,\n",
       "  0,\n",
       "  0,\n",
       "  0,\n",
       "  0,\n",
       "  0,\n",
       "  0,\n",
       "  0,\n",
       "  0,\n",
       "  0,\n",
       "  0,\n",
       "  0,\n",
       "  0,\n",
       "  0,\n",
       "  0,\n",
       "  0,\n",
       "  0,\n",
       "  0,\n",
       "  0,\n",
       "  0,\n",
       "  0,\n",
       "  0],\n",
       " [0,\n",
       "  0,\n",
       "  0,\n",
       "  0,\n",
       "  0,\n",
       "  0,\n",
       "  0,\n",
       "  0,\n",
       "  0,\n",
       "  0,\n",
       "  0,\n",
       "  0,\n",
       "  0,\n",
       "  0,\n",
       "  0,\n",
       "  0,\n",
       "  0,\n",
       "  0,\n",
       "  0,\n",
       "  0,\n",
       "  0,\n",
       "  0,\n",
       "  0,\n",
       "  0,\n",
       "  0,\n",
       "  0,\n",
       "  0,\n",
       "  0,\n",
       "  0,\n",
       "  0],\n",
       " [0,\n",
       "  0,\n",
       "  0,\n",
       "  0,\n",
       "  0,\n",
       "  0,\n",
       "  0,\n",
       "  0,\n",
       "  0,\n",
       "  0,\n",
       "  0,\n",
       "  0,\n",
       "  0,\n",
       "  0,\n",
       "  0,\n",
       "  0,\n",
       "  0,\n",
       "  0,\n",
       "  0,\n",
       "  0,\n",
       "  0,\n",
       "  0,\n",
       "  0,\n",
       "  0,\n",
       "  0,\n",
       "  0,\n",
       "  0,\n",
       "  0,\n",
       "  0,\n",
       "  0],\n",
       " [0,\n",
       "  0,\n",
       "  0,\n",
       "  0,\n",
       "  0,\n",
       "  0,\n",
       "  0,\n",
       "  0,\n",
       "  0,\n",
       "  0,\n",
       "  0,\n",
       "  0,\n",
       "  0,\n",
       "  0,\n",
       "  0,\n",
       "  0,\n",
       "  0,\n",
       "  0,\n",
       "  0,\n",
       "  0,\n",
       "  0,\n",
       "  0,\n",
       "  0,\n",
       "  0,\n",
       "  0,\n",
       "  0,\n",
       "  0,\n",
       "  0,\n",
       "  0,\n",
       "  0],\n",
       " [0,\n",
       "  0,\n",
       "  0,\n",
       "  0,\n",
       "  0,\n",
       "  0,\n",
       "  0,\n",
       "  0,\n",
       "  0,\n",
       "  0,\n",
       "  0,\n",
       "  0,\n",
       "  0,\n",
       "  0,\n",
       "  0,\n",
       "  0,\n",
       "  0,\n",
       "  0,\n",
       "  0,\n",
       "  0,\n",
       "  0,\n",
       "  0,\n",
       "  0,\n",
       "  0,\n",
       "  0,\n",
       "  0,\n",
       "  0,\n",
       "  0,\n",
       "  0,\n",
       "  0],\n",
       " [0,\n",
       "  0,\n",
       "  0,\n",
       "  0,\n",
       "  0,\n",
       "  0,\n",
       "  0,\n",
       "  0,\n",
       "  0,\n",
       "  0,\n",
       "  0,\n",
       "  0,\n",
       "  0,\n",
       "  0,\n",
       "  0,\n",
       "  0,\n",
       "  0,\n",
       "  0,\n",
       "  0,\n",
       "  0,\n",
       "  0,\n",
       "  0,\n",
       "  0,\n",
       "  0,\n",
       "  0,\n",
       "  0,\n",
       "  0,\n",
       "  0,\n",
       "  0,\n",
       "  0],\n",
       " [0,\n",
       "  0,\n",
       "  0,\n",
       "  0,\n",
       "  0,\n",
       "  0,\n",
       "  0,\n",
       "  0,\n",
       "  0,\n",
       "  0,\n",
       "  0,\n",
       "  0,\n",
       "  0,\n",
       "  0,\n",
       "  0,\n",
       "  0,\n",
       "  0,\n",
       "  0,\n",
       "  0,\n",
       "  0,\n",
       "  0,\n",
       "  0,\n",
       "  0,\n",
       "  0,\n",
       "  0,\n",
       "  0,\n",
       "  0,\n",
       "  0,\n",
       "  0,\n",
       "  0],\n",
       " [0,\n",
       "  0,\n",
       "  0,\n",
       "  0,\n",
       "  0,\n",
       "  0,\n",
       "  0,\n",
       "  0,\n",
       "  0,\n",
       "  0,\n",
       "  0,\n",
       "  0,\n",
       "  0,\n",
       "  0,\n",
       "  0,\n",
       "  0,\n",
       "  0,\n",
       "  0,\n",
       "  0,\n",
       "  0,\n",
       "  0,\n",
       "  0,\n",
       "  0,\n",
       "  0,\n",
       "  0,\n",
       "  0,\n",
       "  0,\n",
       "  0,\n",
       "  0,\n",
       "  0],\n",
       " [0,\n",
       "  0,\n",
       "  0,\n",
       "  0,\n",
       "  0,\n",
       "  0,\n",
       "  0,\n",
       "  0,\n",
       "  0,\n",
       "  0,\n",
       "  0,\n",
       "  0,\n",
       "  0,\n",
       "  0,\n",
       "  0,\n",
       "  0,\n",
       "  0,\n",
       "  0,\n",
       "  0,\n",
       "  0,\n",
       "  0,\n",
       "  0,\n",
       "  0,\n",
       "  0,\n",
       "  0,\n",
       "  0,\n",
       "  0,\n",
       "  0,\n",
       "  0,\n",
       "  0],\n",
       " [0,\n",
       "  0,\n",
       "  0,\n",
       "  0,\n",
       "  0,\n",
       "  0,\n",
       "  0,\n",
       "  0,\n",
       "  0,\n",
       "  0,\n",
       "  0,\n",
       "  0,\n",
       "  0,\n",
       "  0,\n",
       "  0,\n",
       "  0,\n",
       "  0,\n",
       "  0,\n",
       "  0,\n",
       "  0,\n",
       "  0,\n",
       "  0,\n",
       "  0,\n",
       "  0,\n",
       "  0,\n",
       "  0,\n",
       "  0,\n",
       "  0,\n",
       "  0,\n",
       "  0],\n",
       " [0,\n",
       "  0,\n",
       "  0,\n",
       "  0,\n",
       "  0,\n",
       "  0,\n",
       "  0,\n",
       "  0,\n",
       "  0,\n",
       "  0,\n",
       "  0,\n",
       "  0,\n",
       "  0,\n",
       "  0,\n",
       "  0,\n",
       "  0,\n",
       "  0,\n",
       "  0,\n",
       "  0,\n",
       "  0,\n",
       "  0,\n",
       "  0,\n",
       "  0,\n",
       "  0,\n",
       "  0,\n",
       "  0,\n",
       "  0,\n",
       "  0,\n",
       "  0,\n",
       "  0],\n",
       " [0,\n",
       "  0,\n",
       "  0,\n",
       "  0,\n",
       "  0,\n",
       "  0,\n",
       "  0,\n",
       "  0,\n",
       "  0,\n",
       "  0,\n",
       "  0,\n",
       "  0,\n",
       "  0,\n",
       "  0,\n",
       "  0,\n",
       "  0,\n",
       "  0,\n",
       "  0,\n",
       "  0,\n",
       "  0,\n",
       "  0,\n",
       "  0,\n",
       "  0,\n",
       "  0,\n",
       "  0,\n",
       "  0,\n",
       "  0,\n",
       "  0,\n",
       "  0,\n",
       "  0],\n",
       " [0,\n",
       "  0,\n",
       "  0,\n",
       "  0,\n",
       "  0,\n",
       "  0,\n",
       "  0,\n",
       "  0,\n",
       "  0,\n",
       "  0,\n",
       "  0,\n",
       "  0,\n",
       "  0,\n",
       "  0,\n",
       "  0,\n",
       "  0,\n",
       "  0,\n",
       "  0,\n",
       "  0,\n",
       "  0,\n",
       "  0,\n",
       "  0,\n",
       "  0,\n",
       "  0,\n",
       "  0,\n",
       "  0,\n",
       "  0,\n",
       "  0,\n",
       "  0,\n",
       "  0],\n",
       " [0,\n",
       "  0,\n",
       "  0,\n",
       "  0,\n",
       "  0,\n",
       "  0,\n",
       "  0,\n",
       "  0,\n",
       "  0,\n",
       "  0,\n",
       "  0,\n",
       "  0,\n",
       "  0,\n",
       "  0,\n",
       "  0,\n",
       "  0,\n",
       "  0,\n",
       "  0,\n",
       "  0,\n",
       "  0,\n",
       "  0,\n",
       "  0,\n",
       "  0,\n",
       "  0,\n",
       "  0,\n",
       "  0,\n",
       "  0,\n",
       "  0,\n",
       "  0,\n",
       "  0],\n",
       " [0,\n",
       "  0,\n",
       "  0,\n",
       "  0,\n",
       "  0,\n",
       "  0,\n",
       "  0,\n",
       "  0,\n",
       "  0,\n",
       "  0,\n",
       "  0,\n",
       "  0,\n",
       "  0,\n",
       "  0,\n",
       "  0,\n",
       "  0,\n",
       "  0,\n",
       "  0,\n",
       "  0,\n",
       "  0,\n",
       "  0,\n",
       "  0,\n",
       "  0,\n",
       "  0,\n",
       "  0,\n",
       "  0,\n",
       "  0,\n",
       "  0,\n",
       "  0,\n",
       "  0],\n",
       " [0,\n",
       "  0,\n",
       "  0,\n",
       "  0,\n",
       "  0,\n",
       "  0,\n",
       "  0,\n",
       "  0,\n",
       "  0,\n",
       "  0,\n",
       "  0,\n",
       "  0,\n",
       "  0,\n",
       "  0,\n",
       "  0,\n",
       "  0,\n",
       "  0,\n",
       "  0,\n",
       "  0,\n",
       "  0,\n",
       "  0,\n",
       "  0,\n",
       "  0,\n",
       "  0,\n",
       "  0,\n",
       "  0,\n",
       "  0,\n",
       "  0,\n",
       "  0,\n",
       "  0],\n",
       " [0,\n",
       "  0,\n",
       "  0,\n",
       "  0,\n",
       "  0,\n",
       "  0,\n",
       "  0,\n",
       "  0,\n",
       "  0,\n",
       "  0,\n",
       "  0,\n",
       "  0,\n",
       "  0,\n",
       "  0,\n",
       "  0,\n",
       "  0,\n",
       "  0,\n",
       "  0,\n",
       "  0,\n",
       "  0,\n",
       "  0,\n",
       "  0,\n",
       "  0,\n",
       "  0,\n",
       "  0,\n",
       "  0,\n",
       "  0,\n",
       "  0,\n",
       "  0,\n",
       "  0],\n",
       " [0,\n",
       "  0,\n",
       "  0,\n",
       "  0,\n",
       "  0,\n",
       "  0,\n",
       "  0,\n",
       "  0,\n",
       "  0,\n",
       "  0,\n",
       "  0,\n",
       "  0,\n",
       "  0,\n",
       "  0,\n",
       "  0,\n",
       "  0,\n",
       "  0,\n",
       "  0,\n",
       "  0,\n",
       "  0,\n",
       "  0,\n",
       "  0,\n",
       "  0,\n",
       "  0,\n",
       "  0,\n",
       "  0,\n",
       "  0,\n",
       "  0,\n",
       "  0,\n",
       "  0],\n",
       " [0,\n",
       "  0,\n",
       "  0,\n",
       "  0,\n",
       "  0,\n",
       "  0,\n",
       "  0,\n",
       "  0,\n",
       "  0,\n",
       "  0,\n",
       "  0,\n",
       "  0,\n",
       "  0,\n",
       "  0,\n",
       "  0,\n",
       "  0,\n",
       "  0,\n",
       "  0,\n",
       "  0,\n",
       "  0,\n",
       "  0,\n",
       "  0,\n",
       "  0,\n",
       "  0,\n",
       "  0,\n",
       "  0,\n",
       "  0,\n",
       "  0,\n",
       "  0,\n",
       "  0],\n",
       " [0,\n",
       "  0,\n",
       "  0,\n",
       "  0,\n",
       "  0,\n",
       "  0,\n",
       "  0,\n",
       "  0,\n",
       "  0,\n",
       "  0,\n",
       "  0,\n",
       "  0,\n",
       "  0,\n",
       "  0,\n",
       "  0,\n",
       "  0,\n",
       "  0,\n",
       "  0,\n",
       "  0,\n",
       "  0,\n",
       "  0,\n",
       "  0,\n",
       "  0,\n",
       "  0,\n",
       "  0,\n",
       "  0,\n",
       "  0,\n",
       "  0,\n",
       "  0,\n",
       "  0]]"
      ]
     },
     "execution_count": 83,
     "metadata": {},
     "output_type": "execute_result"
    }
   ],
   "source": []
  },
  {
   "cell_type": "code",
   "execution_count": 84,
   "id": "ee46264a",
   "metadata": {},
   "outputs": [],
   "source": [
    "sigma2 = [ [0]*30for i in range(30)]\n",
    "sigma2\n",
    "for i in range(0,30):\n",
    "    for j in range(0,30):\n",
    "        sigma2[i][j] = distcorr(reldiff[i], reldiff[j])"
   ]
  },
  {
   "cell_type": "code",
   "execution_count": 85,
   "id": "6e66882e",
   "metadata": {
    "scrolled": false
   },
   "outputs": [
    {
     "data": {
      "text/plain": [
       "[[1.0,\n",
       "  0.3716610394212987,\n",
       "  0.48438431997437764,\n",
       "  0.41910385805275063,\n",
       "  0.26085393531942164,\n",
       "  0.2607651827871817,\n",
       "  0.19637295157336873,\n",
       "  0.3357431840053939,\n",
       "  0.3104892370402881,\n",
       "  0.27170983830086776,\n",
       "  0.30656209361088715,\n",
       "  0.34483297645126026,\n",
       "  0.15194622828326543,\n",
       "  0.3492138584548896,\n",
       "  0.25178579555519454,\n",
       "  0.23225966182244595,\n",
       "  0.34757419262460804,\n",
       "  0.29675312028445483,\n",
       "  0.2915168916161226,\n",
       "  0.20204495195656316,\n",
       "  0.2820657981202834,\n",
       "  0.19167223889864612,\n",
       "  0.3164547992077803,\n",
       "  0.2554600043354983,\n",
       "  0.5225856347142693,\n",
       "  0.1169819006311286,\n",
       "  0.2462182355747918,\n",
       "  0.2825982987718184,\n",
       "  0.26789545721277064,\n",
       "  0.3692524945910265],\n",
       " [0.3716610394212987,\n",
       "  1.0,\n",
       "  0.5407674806510854,\n",
       "  0.43634416021981,\n",
       "  0.3265595435636189,\n",
       "  0.29898075465599494,\n",
       "  0.2892196702493499,\n",
       "  0.32927139836442115,\n",
       "  0.33182369776796283,\n",
       "  0.3617123132114185,\n",
       "  0.2748011904236156,\n",
       "  0.3680529624167841,\n",
       "  0.33023240115217667,\n",
       "  0.3733195713976151,\n",
       "  0.3420259057916573,\n",
       "  0.2837686448391859,\n",
       "  0.39862676310244904,\n",
       "  0.4077991492719206,\n",
       "  0.33104828322978314,\n",
       "  0.14281062811340967,\n",
       "  0.3188779792321873,\n",
       "  0.14473691723176316,\n",
       "  0.3414350220742955,\n",
       "  0.362525110095661,\n",
       "  0.3854036718368253,\n",
       "  0.14699222289778507,\n",
       "  0.3244331064420214,\n",
       "  0.3723818794194101,\n",
       "  0.2957703303632424,\n",
       "  0.4306469554998414],\n",
       " [0.48438431997437764,\n",
       "  0.5407674806510854,\n",
       "  1.0,\n",
       "  0.3563881636292375,\n",
       "  0.30678731032190565,\n",
       "  0.41665926072841836,\n",
       "  0.3281641742427542,\n",
       "  0.2761171267651154,\n",
       "  0.32418424341829627,\n",
       "  0.2840218472578104,\n",
       "  0.1785544610860475,\n",
       "  0.29247590219944636,\n",
       "  0.22130847726646105,\n",
       "  0.40274615869841235,\n",
       "  0.23845602117439904,\n",
       "  0.24516142398679372,\n",
       "  0.3031958735818637,\n",
       "  0.3068960179967362,\n",
       "  0.3233574061109077,\n",
       "  0.20543270978153816,\n",
       "  0.39018383813231505,\n",
       "  0.13660028508348684,\n",
       "  0.3758380094104322,\n",
       "  0.34342646372132807,\n",
       "  0.46591526209527717,\n",
       "  0.15968970734358293,\n",
       "  0.3412301064263535,\n",
       "  0.32300152904958024,\n",
       "  0.36363424014721046,\n",
       "  0.3231971476003468],\n",
       " [0.41910385805275063,\n",
       "  0.43634416021981,\n",
       "  0.3563881636292375,\n",
       "  1.0,\n",
       "  0.2849347232730939,\n",
       "  0.24403883918743685,\n",
       "  0.19291437025017724,\n",
       "  0.29730619433499117,\n",
       "  0.30438013458220037,\n",
       "  0.2953606431919815,\n",
       "  0.38718175944422095,\n",
       "  0.33134196607905275,\n",
       "  0.20726094830158256,\n",
       "  0.25730350764047283,\n",
       "  0.21769965283046397,\n",
       "  0.19160368766102856,\n",
       "  0.4681985234051931,\n",
       "  0.2437423252274829,\n",
       "  0.2088241050719107,\n",
       "  0.15033057702518185,\n",
       "  0.23381538496716053,\n",
       "  0.26346696333578046,\n",
       "  0.24767357642452967,\n",
       "  0.22521151232144812,\n",
       "  0.5065343750695933,\n",
       "  0.12875305731534897,\n",
       "  0.19952865441383486,\n",
       "  0.30250694722257976,\n",
       "  0.17115906017656599,\n",
       "  0.3307020191058747],\n",
       " [0.26085393531942164,\n",
       "  0.3265595435636189,\n",
       "  0.30678731032190565,\n",
       "  0.2849347232730939,\n",
       "  1.0,\n",
       "  0.33944484779832107,\n",
       "  0.2035397052534236,\n",
       "  0.16063428064721236,\n",
       "  0.1799992134108848,\n",
       "  0.1712648558610993,\n",
       "  0.2851352901239989,\n",
       "  0.37628599090179593,\n",
       "  0.24967143337576408,\n",
       "  0.30571497757053195,\n",
       "  0.20453184195982493,\n",
       "  0.19348130349682927,\n",
       "  0.3991528743278913,\n",
       "  0.2407855832845941,\n",
       "  0.2788276362374344,\n",
       "  0.20934092975674334,\n",
       "  0.2338614333407848,\n",
       "  0.2714118773134772,\n",
       "  0.3684491011094207,\n",
       "  0.22744263403828294,\n",
       "  0.3478772357548462,\n",
       "  0.17803290380694226,\n",
       "  0.22044530228027978,\n",
       "  0.26118238599346566,\n",
       "  0.2887350942784692,\n",
       "  0.4391258338040445],\n",
       " [0.2607651827871817,\n",
       "  0.29898075465599494,\n",
       "  0.41665926072841836,\n",
       "  0.24403883918743685,\n",
       "  0.33944484779832107,\n",
       "  1.0,\n",
       "  0.17845925702620052,\n",
       "  0.26284166430825917,\n",
       "  0.3727483520313963,\n",
       "  0.17421994580738195,\n",
       "  0.27945899828271065,\n",
       "  0.2793161032260715,\n",
       "  0.33459201019336143,\n",
       "  0.18189540409818944,\n",
       "  0.18623031390814063,\n",
       "  0.2570666625390132,\n",
       "  0.28210541374259185,\n",
       "  0.17751481220963944,\n",
       "  0.2120851234839736,\n",
       "  0.3064156670193358,\n",
       "  0.35238102172495994,\n",
       "  0.21015414710768948,\n",
       "  0.21968286980303242,\n",
       "  0.24397137870653918,\n",
       "  0.28833540667726315,\n",
       "  0.2199839069434901,\n",
       "  0.3154908374327541,\n",
       "  0.2866017357703881,\n",
       "  0.35622427715903515,\n",
       "  0.33652610584593595],\n",
       " [0.19637295157336873,\n",
       "  0.2892196702493499,\n",
       "  0.3281641742427542,\n",
       "  0.19291437025017724,\n",
       "  0.2035397052534236,\n",
       "  0.17845925702620052,\n",
       "  1.0,\n",
       "  0.20527714124415483,\n",
       "  0.20985654006054447,\n",
       "  0.30088584259926987,\n",
       "  0.17102261974608648,\n",
       "  0.28313607896916915,\n",
       "  0.23874668878988498,\n",
       "  0.5892078909843811,\n",
       "  0.1773878442821056,\n",
       "  0.1814947208692448,\n",
       "  0.21403647225218353,\n",
       "  0.2568905310698922,\n",
       "  0.5055227388384246,\n",
       "  0.16693025820524926,\n",
       "  0.1807457918849236,\n",
       "  0.14647428859873599,\n",
       "  0.569477761375677,\n",
       "  0.30223470891779625,\n",
       "  0.26948351170018875,\n",
       "  0.2871682973957418,\n",
       "  0.20688805204391011,\n",
       "  0.20956882593183257,\n",
       "  0.1938121512499308,\n",
       "  0.307412258443602],\n",
       " [0.3357431840053939,\n",
       "  0.32927139836442115,\n",
       "  0.2761171267651154,\n",
       "  0.29730619433499117,\n",
       "  0.16063428064721236,\n",
       "  0.26284166430825917,\n",
       "  0.20527714124415483,\n",
       "  1.0,\n",
       "  0.2864507661070511,\n",
       "  0.44872597996747127,\n",
       "  0.2648477417901359,\n",
       "  0.455749795630702,\n",
       "  0.20719901158278298,\n",
       "  0.26907187048617925,\n",
       "  0.27763466119232194,\n",
       "  0.24609596865570343,\n",
       "  0.29144788594008486,\n",
       "  0.24908273874112064,\n",
       "  0.24409997218447682,\n",
       "  0.29186963928971615,\n",
       "  0.21855089188930227,\n",
       "  0.1925791191679418,\n",
       "  0.32194609029684695,\n",
       "  0.35497783302620034,\n",
       "  0.27743039979248457,\n",
       "  0.16554872027452025,\n",
       "  0.3110888678504717,\n",
       "  0.3297488737150387,\n",
       "  0.23808061819734924,\n",
       "  0.46048184892577293],\n",
       " [0.3104892370402881,\n",
       "  0.33182369776796283,\n",
       "  0.32418424341829627,\n",
       "  0.30438013458220037,\n",
       "  0.1799992134108848,\n",
       "  0.3727483520313963,\n",
       "  0.20985654006054447,\n",
       "  0.2864507661070511,\n",
       "  1.0,\n",
       "  0.31632932443775824,\n",
       "  0.34212901746980473,\n",
       "  0.2169461543594543,\n",
       "  0.17251609716091407,\n",
       "  0.3690339238379198,\n",
       "  0.2640736730070632,\n",
       "  0.38083027955326193,\n",
       "  0.3120308031609841,\n",
       "  0.2342615375399441,\n",
       "  0.2664643444419384,\n",
       "  0.18788039648885874,\n",
       "  0.31858264953584997,\n",
       "  0.24904975714488084,\n",
       "  0.3074253808157098,\n",
       "  0.3327636798672876,\n",
       "  0.35591458844236123,\n",
       "  0.19135450844703172,\n",
       "  0.4413993421980651,\n",
       "  0.47909122173854896,\n",
       "  0.17798369498164235,\n",
       "  0.26916880360250606],\n",
       " [0.27170983830086776,\n",
       "  0.3617123132114185,\n",
       "  0.2840218472578104,\n",
       "  0.2953606431919815,\n",
       "  0.1712648558610993,\n",
       "  0.17421994580738195,\n",
       "  0.30088584259926987,\n",
       "  0.44872597996747127,\n",
       "  0.31632932443775824,\n",
       "  1.0,\n",
       "  0.2999951662162977,\n",
       "  0.26394075435752734,\n",
       "  0.1308697624557286,\n",
       "  0.30413229261024294,\n",
       "  0.2572495354057055,\n",
       "  0.28881834567880754,\n",
       "  0.3029060028795843,\n",
       "  0.4081808525672412,\n",
       "  0.37099843259341736,\n",
       "  0.14250223639987675,\n",
       "  0.20273011352254733,\n",
       "  0.13562065627825104,\n",
       "  0.3673334443949876,\n",
       "  0.27601914673033073,\n",
       "  0.3395985466332236,\n",
       "  0.1919234047116729,\n",
       "  0.3198227754937972,\n",
       "  0.29096045072781396,\n",
       "  0.1746514991315752,\n",
       "  0.287187687278091],\n",
       " [0.30656209361088715,\n",
       "  0.2748011904236156,\n",
       "  0.1785544610860475,\n",
       "  0.38718175944422095,\n",
       "  0.2851352901239989,\n",
       "  0.27945899828271065,\n",
       "  0.17102261974608648,\n",
       "  0.2648477417901359,\n",
       "  0.34212901746980473,\n",
       "  0.2999951662162977,\n",
       "  1.0,\n",
       "  0.34441282703258164,\n",
       "  0.2713407492462697,\n",
       "  0.2705678647709742,\n",
       "  0.2069784732137612,\n",
       "  0.30672448819792936,\n",
       "  0.4011394640169856,\n",
       "  0.2720266157523304,\n",
       "  0.2860318855838752,\n",
       "  0.21363528992860695,\n",
       "  0.21472156994442398,\n",
       "  0.3773884350631445,\n",
       "  0.3389933433135285,\n",
       "  0.17951020185919347,\n",
       "  0.3078403946146245,\n",
       "  0.1680606839517884,\n",
       "  0.20664447671327846,\n",
       "  0.36578862919589655,\n",
       "  0.18237641973026114,\n",
       "  0.34884802036139434],\n",
       " [0.34483297645126026,\n",
       "  0.3680529624167841,\n",
       "  0.29247590219944636,\n",
       "  0.33134196607905275,\n",
       "  0.37628599090179593,\n",
       "  0.2793161032260715,\n",
       "  0.28313607896916915,\n",
       "  0.455749795630702,\n",
       "  0.2169461543594543,\n",
       "  0.26394075435752734,\n",
       "  0.34441282703258164,\n",
       "  1.0,\n",
       "  0.31160837830486454,\n",
       "  0.37537388739457783,\n",
       "  0.2731021847898213,\n",
       "  0.21381675176782994,\n",
       "  0.44688879457372815,\n",
       "  0.2694247400165012,\n",
       "  0.30776162857796097,\n",
       "  0.24149996961038828,\n",
       "  0.2665112853864561,\n",
       "  0.19999517874849893,\n",
       "  0.41288541219778785,\n",
       "  0.2734667543632123,\n",
       "  0.3881973537432337,\n",
       "  0.2242470198384913,\n",
       "  0.2320724823382301,\n",
       "  0.29926302564406215,\n",
       "  0.26152464693674493,\n",
       "  0.9070407784495618],\n",
       " [0.15194622828326543,\n",
       "  0.33023240115217667,\n",
       "  0.22130847726646105,\n",
       "  0.20726094830158256,\n",
       "  0.24967143337576408,\n",
       "  0.33459201019336143,\n",
       "  0.23874668878988498,\n",
       "  0.20719901158278298,\n",
       "  0.17251609716091407,\n",
       "  0.1308697624557286,\n",
       "  0.2713407492462697,\n",
       "  0.31160837830486454,\n",
       "  1.0,\n",
       "  0.270185062964882,\n",
       "  0.3131116025106152,\n",
       "  0.23761309144480805,\n",
       "  0.24925839387903698,\n",
       "  0.17319476744371112,\n",
       "  0.3218198697054385,\n",
       "  0.20250922204513702,\n",
       "  0.35922109875537644,\n",
       "  0.42386922033696,\n",
       "  0.21708426812473897,\n",
       "  0.21874430240986867,\n",
       "  0.19168608948476862,\n",
       "  0.23468991987796073,\n",
       "  0.19042905522234627,\n",
       "  0.28342805157080037,\n",
       "  0.24940724220236218,\n",
       "  0.3616069613449966],\n",
       " [0.3492138584548896,\n",
       "  0.3733195713976151,\n",
       "  0.40274615869841235,\n",
       "  0.25730350764047283,\n",
       "  0.30571497757053195,\n",
       "  0.18189540409818944,\n",
       "  0.5892078909843811,\n",
       "  0.26907187048617925,\n",
       "  0.3690339238379198,\n",
       "  0.30413229261024294,\n",
       "  0.2705678647709742,\n",
       "  0.37537388739457783,\n",
       "  0.270185062964882,\n",
       "  1.0,\n",
       "  0.2927810525502552,\n",
       "  0.24958299682501775,\n",
       "  0.32416824886480394,\n",
       "  0.2451968100184766,\n",
       "  0.6215261866747602,\n",
       "  0.14175636569598637,\n",
       "  0.26962264541947223,\n",
       "  0.19598101911602422,\n",
       "  0.7196053828880022,\n",
       "  0.31795017636235623,\n",
       "  0.35719597782080537,\n",
       "  0.3163844107960545,\n",
       "  0.22658664750845445,\n",
       "  0.3864613324054849,\n",
       "  0.24251606911440413,\n",
       "  0.39324175383885684],\n",
       " [0.25178579555519454,\n",
       "  0.3420259057916573,\n",
       "  0.23845602117439904,\n",
       "  0.21769965283046397,\n",
       "  0.20453184195982493,\n",
       "  0.18623031390814063,\n",
       "  0.1773878442821056,\n",
       "  0.27763466119232194,\n",
       "  0.2640736730070632,\n",
       "  0.2572495354057055,\n",
       "  0.2069784732137612,\n",
       "  0.2731021847898213,\n",
       "  0.3131116025106152,\n",
       "  0.2927810525502552,\n",
       "  1.0,\n",
       "  0.25281178810761806,\n",
       "  0.2951752533170283,\n",
       "  0.2229244793551748,\n",
       "  0.2858877641476138,\n",
       "  0.1855447530765176,\n",
       "  0.27659452325899503,\n",
       "  0.3326277597336687,\n",
       "  0.26911166365404116,\n",
       "  0.20438267652763736,\n",
       "  0.3112050067265872,\n",
       "  0.2687527987356118,\n",
       "  0.2910188318484226,\n",
       "  0.3808547811222726,\n",
       "  0.17501562417626979,\n",
       "  0.3202511954512116],\n",
       " [0.23225966182244595,\n",
       "  0.2837686448391859,\n",
       "  0.24516142398679372,\n",
       "  0.19160368766102856,\n",
       "  0.19348130349682927,\n",
       "  0.2570666625390132,\n",
       "  0.1814947208692448,\n",
       "  0.24609596865570343,\n",
       "  0.38083027955326193,\n",
       "  0.28881834567880754,\n",
       "  0.30672448819792936,\n",
       "  0.21381675176782994,\n",
       "  0.23761309144480805,\n",
       "  0.24958299682501775,\n",
       "  0.25281178810761806,\n",
       "  1.0,\n",
       "  0.21650847752347693,\n",
       "  0.3064389921348492,\n",
       "  0.2822577623249374,\n",
       "  0.23054768171128961,\n",
       "  0.3099282137660089,\n",
       "  0.2355123035195073,\n",
       "  0.25289275949383777,\n",
       "  0.24287768679585697,\n",
       "  0.33872348328161833,\n",
       "  0.2729560842413972,\n",
       "  0.3223645397944498,\n",
       "  0.3293857168188588,\n",
       "  0.1378735465033674,\n",
       "  0.23610605928183787],\n",
       " [0.34757419262460804,\n",
       "  0.39862676310244904,\n",
       "  0.3031958735818637,\n",
       "  0.4681985234051931,\n",
       "  0.3991528743278913,\n",
       "  0.28210541374259185,\n",
       "  0.21403647225218353,\n",
       "  0.29144788594008486,\n",
       "  0.3120308031609841,\n",
       "  0.3029060028795843,\n",
       "  0.4011394640169856,\n",
       "  0.44688879457372815,\n",
       "  0.24925839387903698,\n",
       "  0.32416824886480394,\n",
       "  0.2951752533170283,\n",
       "  0.21650847752347693,\n",
       "  1.0,\n",
       "  0.21967247737640627,\n",
       "  0.2760242042123741,\n",
       "  0.17884102777088906,\n",
       "  0.17657784864071316,\n",
       "  0.25102565011810973,\n",
       "  0.4330701113313791,\n",
       "  0.3457294106261541,\n",
       "  0.5830547475942962,\n",
       "  0.13856182327452757,\n",
       "  0.19609452378267858,\n",
       "  0.3341053014631773,\n",
       "  0.2614428872420639,\n",
       "  0.42425167333965225],\n",
       " [0.29675312028445483,\n",
       "  0.4077991492719206,\n",
       "  0.3068960179967362,\n",
       "  0.2437423252274829,\n",
       "  0.2407855832845941,\n",
       "  0.17751481220963944,\n",
       "  0.2568905310698922,\n",
       "  0.24908273874112064,\n",
       "  0.2342615375399441,\n",
       "  0.4081808525672412,\n",
       "  0.2720266157523304,\n",
       "  0.2694247400165012,\n",
       "  0.17319476744371112,\n",
       "  0.2451968100184766,\n",
       "  0.2229244793551748,\n",
       "  0.3064389921348492,\n",
       "  0.21967247737640627,\n",
       "  1.0,\n",
       "  0.22670976804058332,\n",
       "  0.25227118474878435,\n",
       "  0.2590084648234813,\n",
       "  0.2167766837145461,\n",
       "  0.2683507601753642,\n",
       "  0.11638255538948834,\n",
       "  0.32344070055990937,\n",
       "  0.15777569001834887,\n",
       "  0.3100162839870751,\n",
       "  0.2739205041298156,\n",
       "  0.15784596024698747,\n",
       "  0.3250644220892337],\n",
       " [0.2915168916161226,\n",
       "  0.33104828322978314,\n",
       "  0.3233574061109077,\n",
       "  0.2088241050719107,\n",
       "  0.2788276362374344,\n",
       "  0.2120851234839736,\n",
       "  0.5055227388384246,\n",
       "  0.24409997218447682,\n",
       "  0.2664643444419384,\n",
       "  0.37099843259341736,\n",
       "  0.2860318855838752,\n",
       "  0.30776162857796097,\n",
       "  0.3218198697054385,\n",
       "  0.6215261866747602,\n",
       "  0.2858877641476138,\n",
       "  0.2822577623249374,\n",
       "  0.2760242042123741,\n",
       "  0.22670976804058332,\n",
       "  1.0,\n",
